1|Nagaur_Line|4|17|||305|1001|1001|0|800|1|0|0|SYD|||||1|1|1|Kwh_Exp|3|
2|Khinswar_Line|4|17|||305|1002|1002|0|800|1|0|0|SYD|||||1|1|1|Kwh_Exp|3|
3|Bhap_Phalodi_Line|4|17|||305|1003|1003|0|800|1|0|0|SYD|||||1|1|1|Kwh_Exp|3|
4|ET_1|4|14|||305|1004|1004|0|1500|1|0|0|UCR|||||1|1|1|Kwh_Exp|2|
5|Bikaner_Line|4|18|||305|1005|1005|0|800|1|0|0|SYD|||||1|1|1|Kwh_Exp|3|
6|ET_2|4|14|||305|1006|1006|0|1500|1|0|0|UCR|||||1|1|1|Kwh_Exp|2|
7|Gen_1|4|14|||305|1007|1007|0|1500|5|0|0|UCR|||||1|1|1|Kwh_Imp|2|
8|Gen_2|4|14|||305|1008|1008|0|1500|5|0|0|UCR|||||1|1|1|Kwh_Imp|2|
9|IBT_1|4|18|||305|1009|1009|0|150|1|0|0|SYD|||||1|1|1|Kwh_Exp|2|
10|IBT_2|4|18|||305|1010|1010|0|150|1|0|0|SYD|||||1|1|1|Kwh_Exp|2|
11|FTB_1|4|18|||305|1011|1011|0|400|1|0|0|SYD|||||1|1|1|Kwh_Exp|2|
12|FTB_2|4|18|||305|1012|1012|0|400|1|0|0|SYD|||||1|1|1|Kwh_Exp|2|
13|ST_1|4|14|||305|1013|1013|0|400|1|0|0|SYD|||||1|1|1|Kwh_Exp|2|
14|ST_2|4|14|||305|1014|1014|0|400|1|0|0|SYD|||||1|1|1|Kwh_Exp|2|
15|UAT_1|4|14|||305|1015|1015|0|1200|1|0|0|UCR|||||1|1|1|Kwh_Exp|2|
16|UAT_2|4|14|||305|1016|1016|0|1500|1|0|0|UCR|||||1|1|1|Kwh_Exp|2|
17|RWCS_1|4|100|||305|1017|1017|0|1500|1|1|1|SYD|||||1|1|1|Kwh_Exp|2|
18|RWCS_2|4|14|||305|1018|1018|0|1500|1|0|0|SYD|||||1|1|1|Kwh_Exp|2|
19|Naguar_Line_Main|3|6|||305|19|19|0|1|1|0|0|1|||||0|0|0|Kwh_Exp||
20|Khinswar_Line_Main|3|6|||305|20|20|0|1|1|0|0|1|||||0|0|0|Kwh_Exp||
21|Bhap_Phalodi_Line_Main|3|6|||305|21|21|0|1|1|0|0|1|||||0|0|0|Kwh_Exp||
22|Bikaner_Line_Main|3|6|||305|22|22|0|1|1|0|0|22|||||0|0|0|Kwh_Exp||
427||4|17|||305|1001|1001|0|800|1|0|0|SYD|||||1|1|1|Kwh_Exp|3|
